7
4
1 2 3 4 
4
1 1 2 2
2
0 -1
6
3 -2 4 -1 -4 0
1
-100
70
0 95 -91 -95 85 -80 -49 39 22 44 -16 83 54 26 -31 -99 -82 90 51 94 2 87 -10 13 -76 -73 28 -51 81 28 25 -44 17 -46 10 -70 -64 -35 41 95 -57 36 56 59 -95 46 26 -75 -47 21 68 50 16 -22 -96 69 69 99 -64 89 70 -54 -54 -30 40 62 -27 67 39 39
70
0 -65 66 -62 -36 13 -14 16 49 63 
93 94 2 -67 -48 -75 89 9 46 -84 
-14 97 16 4 91 2 98 -2 -25 -5
9 8 13 -84 18 -46 83 -92 51 -23 
14 -11 42 43 45 44 65 -17 18 48 
51 27 -96 72 -54 -78 -24 -62 22 -4 
-54 24 -90 77 -63 -67 -56 -31 36 -15