11
cim 0 34 43
cim 1 44 24
ich 0 0 0 34 43
32 32 42 31 31 41 30 30 40 30 30 40 29 29 39 28 28 38 28 28 38 27 27 37 27 27 37 26 26 36 26 26 36 25 25 35 24 24 34 24 24 34 24 24 34 24 24 34 24 24 34 24 24 34 23 23 33 23 23 33 23 23 33 22 22 32 23 23 33 23 23 33 24 24 34 24 24 34 25 25 35 25 25 35 26 26 36 26 26 36 26 26 36 26 26 36 26 26 36 26 26 36 
31 31 41 31 31 41 31 31 41 30 30 40 29 29 39 28 28 38 28 28 38 27 27 37 27 27 37 26 26 36 26 26 36 25 25 35 25 25 35 24 24 34 24 24 34 24 24 34 24 24 34 24 24 34 23 23 33 23 23 33 23 23 33 23 23 33 23 23 33 23 23 33 24 24 34 24 24 34 25 25 35 25 25 35 25 25 35 26 26 36 26 26 36 26 26 36 26 26 36 26 26 36 
32 32 42 32 32 42 31 31 41 30 30 40 30 30 40 29 29 39 29 29 39 28 28 38 27 27 37 27 27 37 26 26 36 26 26 36 25 25 35 24 24 34 24 24 34 24 24 34 24 24 34 23 23 33 23 23 33 23 23 33 23 23 33 23 23 33 23 23 33 23 23 33 24 24 34 24 24 34 25 25 35 25 25 35 25 25 35 26 26 36 26 26 36 26 26 36 26 26 36 26 26 36 
33 33 43 32 32 42 32 32 42 31 31 41 30 30 40 30 30 40 29 29 39 29 29 39 28 28 38 27 27 37 26 26 36 26 26 36 26 26 36 24 24 34 24 24 34 24 24 34 24 24 34 23 23 33 23 23 33 23 24 31 23 23 32 23 23 33 23 23 33 23 23 33 24 24 34 24 24 34 25 25 35 25 25 35 25 25 35 26 26 36 26 26 36 26 26 36 26 26 36 26 26 36 
33 33 43 33 33 43 32 32 42 32 32 42 31 31 41 30 30 40 29 29 39 29 29 39 28 28 38 27 27 37 27 27 37 26 26 36 26 26 36 24 24 34 24 24 34 24 24 34 24 24 34 23 23 33 23 23 33 23 23 33 23 23 32 23 23 31 23 23 33 23 23 33 24 24 34 24 24 34 25 25 35 25 25 35 25 25 35 26 26 36 26 26 36 26 26 36 26 26 36 26 26 36 
33 33 42 33 33 43 32 32 43 32 32 41 31 31 41 30 30 40 30 30 40 29 29 39 28 28 38 27 27 37 27 27 37 26 26 36 25 25 35 25 25 35 24 24 34 24 24 34 24 24 33 25 24 34 25 24 33 24 23 33 24 24 33 23 23 33 23 23 33 23 23 33 24 24 34 24 24 34 25 25 35 25 25 35 25 25 35 26 26 36 26 26 36 26 26 36 26 26 36 26 26 36 
34 35 41 34 34 42 33 33 41 33 33 41 32 32 42 31 31 41 30 30 40 30 30 40 29 29 39 28 28 38 27 27 37 27 27 37 26 26 36 25 25 35 24 24 34 25 24 33 21 21 30 12 18 29 13 21 32 18 22 33 13 16 26 20 20 30 23 23 33 23 23 33 23 23 33 24 24 34 24 24 34 25 25 35 25 25 35 25 25 35 26 26 36 25 25 35 25 25 35 26 26 36 
36 37 42 35 36 41 35 36 40 34 34 41 33 33 40 32 33 41 32 32 40 31 31 40 30 30 41 29 29 39 28 28 38 28 28 38 27 27 37 26 26 36 27 25 35 15 21 32 34 34 42 94 68 74 148 94 100 167 109 113 140 116 121 69 69 78 22 23 33 24 23 33 23 23 33 23 23 33 24 24 34 24 24 34 25 25 35 25 25 35 25 25 35 25 25 35 25 25 35 25 25 35 
37 38 43 37 38 43 36 37 42 35 36 41 35 36 40 34 35 40 34 35 40 32 33 41 32 32 41 31 31 40 30 30 40 29 29 39 28 28 38 29 27 37 19 25 35 79 46 53 178 76 78 204 86 85 166 106 106 106 96 100 158 150 154 194 182 185 80 76 84 21 22 32 24 24 34 23 23 33 23 23 33 24 24 34 24 24 34 25 25 35 25 25 35 25 25 35 25 25 35 25 25 35 
38 39 44 38 39 44 37 38 43 37 38 43 36 37 42 36 37 42 35 36 41 34 35 41 34 35 39 33 33 40 32 32 41 32 31 40 33 30 40 20 26 36 61 34 40 175 55 55 170 35 36 114 49 49 49 79 88 34 76 97 24 50 68 155 173 184 174 171 175 42 42 52 20 21 30 23 23 33 23 23 33 24 24 33 24 24 34 25 25 35 25 25 35 25 25 35 25 25 35 25 25 35 
40 41 46 40 41 46 39 40 45 39 40 45 38 39 44 38 39 44 37 38 43 36 37 42 35 36 41 35 36 40 31 34 39 22 30 35 22 32 41 30 32 42 152 50 52 170 40 41 128 30 30 39 38 42 51 113 136 84 134 149 5 24 40 96 125 141 229 240 242 96 102 109 18 19 28 23 24 29 23 23 32 23 23 33 24 24 34 24 24 34 24 24 34 24 24 34 24 24 34 24 24 34 
42 43 48 42 43 48 41 42 47 41 42 47 41 42 47 40 41 46 39 40 45 38 39 44 38 38 43 34 37 43 47 40 45 99 60 64 140 77 80 147 56 58 180 41 43 186 36 38 129 57 58 31 44 51 26 78 103 73 127 147 39 56 67 23 60 80 220 250 254 160 175 180 22 26 35 22 23 29 23 23 33 23 23 33 23 23 33 24 24 34 24 24 34 24 24 34 24 24 34 24 24 34 
44 45 50 44 45 50 44 45 50 43 44 49 43 44 49 42 43 48 42 43 48 42 42 47 38 42 47 47 39 44 77 26 28 103 72 74 159 38 38 138 27 27 173 45 46 214 49 50 128 40 40 48 65 68 0 12 28 11 36 55 33 52 62 7 40 60 154 219 239 161 199 208 22 31 42 22 22 29 23 24 29 23 24 30 23 23 33 24 24 34 24 24 34 24 24 34 24 24 34 24 24 34 
46 47 52 46 47 52 46 47 52 46 47 52 45 46 51 45 46 51 44 45 50 44 44 49 37 45 50 68 35 39 30 10 12 26 14 14 132 18 19 160 48 49 182 54 55 203 60 61 197 48 48 72 38 38 21 45 55 12 54 80 26 63 84 48 72 83 72 145 173 81 139 165 19 21 30 22 23 28 22 23 28 22 23 29 23 23 33 23 23 33 23 23 33 24 24 34 23 23 33 24 24 34 
49 50 55 49 50 55 48 49 54 48 49 54 48 49 54 47 48 53 47 48 53 47 47 52 44 50 55 72 27 31 8 8 10 70 13 14 165 14 17 170 31 33 183 43 45 179 37 37 200 43 44 201 48 49 86 36 37 27 47 56 21 49 67 27 60 78 59 89 106 31 57 73 18 18 23 22 23 28 22 23 28 22 23 32 23 23 33 23 23 33 23 23 33 23 23 33 23 23 33 23 23 33 
50 51 56 50 51 56 50 51 56 50 51 55 50 51 56 50 51 56 50 51 56 48 50 55 53 51 56 68 18 22 0 10 12 104 5 6 156 23 25 149 48 50 151 19 20 144 17 19 147 25 26 198 59 60 220 69 71 103 35 35 68 79 81 64 88 104 32 62 81 27 36 45 19 19 24 21 23 28 20 19 25 21 19 27 23 24 33 23 23 33 23 23 33 23 23 33 23 23 33 23 23 33 
51 52 57 52 53 58 52 53 58 51 52 57 51 52 57 52 53 57 53 53 57 48 53 58 61 48 53 82 9 12 7 10 11 116 6 7 141 7 9 163 131 134 164 115 117 141 0 0 145 14 16 158 28 29 187 46 47 203 37 39 112 68 69 116 123 123 70 77 85 15 21 29 21 20 25 18 18 27 27 40 53 30 43 54 20 18 28 21 22 31 22 21 31 23 23 33 22 23 32 23 23 32 
52 53 57 52 53 58 53 54 58 54 54 58 54 54 58 49 51 58 44 48 58 51 56 62 58 41 45 72 9 11 30 16 18 76 11 12 121 2 4 122 10 11 144 65 67 143 5 8 155 6 7 166 12 14 160 17 18 181 22 23 169 37 37 70 58 59 50 60 64 23 22 28 18 21 28 49 95 113 109 170 183 107 181 191 76 139 152 35 44 55 32 40 51 24 26 37 22 23 30 22 23 31 
52 53 57 53 54 57 45 49 59 43 46 56 42 49 60 70 67 60 94 81 61 62 64 65 56 31 35 68 6 7 64 12 15 77 9 10 95 7 8 104 3 5 112 3 4 131 5 6 138 6 8 135 11 12 153 16 16 153 25 25 179 33 34 209 35 36 71 33 38 15 21 27 19 23 31 37 71 87 80 140 159 36 66 79 73 176 189 84 179 195 117 169 178 49 77 88 18 16 24 23 24 30 
55 56 60 51 53 59 103 89 62 115 104 80 118 88 50 165 115 45 162 167 134 133 134 108 54 33 39 62 5 6 53 10 10 89 6 7 79 7 8 80 8 9 85 9 11 86 9 11 91 12 13 101 10 10 131 16 17 131 20 21 158 22 23 223 23 25 134 21 26 9 22 28 25 30 40 8 30 47 19 46 66 25 37 47 47 147 159 52 197 215 64 107 117 64 93 103 15 17 26 23 24 29 
54 56 63 74 68 58 107 71 22 99 85 53 208 121 22 116 80 46 27 89 130 73 128 152 59 55 59 58 9 9 54 4 4 90 7 8 80 6 8 65 6 8 65 6 8 63 7 8 68 7 8 87 10 11 118 13 14 101 15 16 153 12 13 197 12 13 125 18 22 10 23 29 31 43 50 40 41 47 34 61 69 27 126 143 35 170 197 52 196 225 40 100 117 54 95 107 18 27 39 22 21 26 
55 58 68 92 76 56 74 41 9 43 31 16 139 77 10 218 151 34 190 160 82 105 105 87 72 74 80 68 48 51 60 23 24 82 10 10 81 7 10 72 7 8 69 6 7 71 5 6 74 6 8 89 7 10 87 11 11 91 14 14 145 22 22 172 18 18 83 22 27 15 24 29 20 71 85 18 81 93 11 100 114 8 115 147 17 118 167 46 157 202 21 114 139 46 139 156 24 37 46 20 19 23 
63 66 72 82 68 54 121 65 7 103 57 16 102 49 7 160 98 19 223 149 31 221 131 13 103 87 76 82 88 97 89 86 90 73 21 21 70 7 10 73 8 10 73 6 8 73 6 7 76 6 8 75 7 8 66 10 10 87 11 12 102 25 26 119 25 27 47 36 41 28 26 31 19 66 81 5 119 149 10 89 104 9 68 76 8 71 92 11 108 132 18 136 153 17 87 103 21 20 26 21 23 28 
73 73 75 72 72 75 97 63 29 87 49 15 77 35 10 118 51 10 154 66 10 188 94 12 118 101 83 90 92 102 101 102 106 82 45 47 52 3 3 52 8 9 58 6 7 62 5 6 68 7 8 70 10 11 77 9 10 75 15 16 91 12 13 83 29 32 44 49 55 40 38 43 32 42 49 7 83 117 7 85 115 10 67 76 8 66 72 18 107 115 22 88 98 19 20 26 20 21 25 21 22 27 
80 80 81 82 82 85 81 83 87 82 85 89 70 59 54 126 65 16 164 87 26 123 95 73 103 105 112 111 108 113 122 129 135 120 72 72 95 0 0 68 1 2 49 0 0 42 1 1 41 4 5 52 12 14 54 13 15 51 5 7 68 26 28 71 65 71 61 63 69 54 55 60 53 53 57 30 54 63 2 37 52 9 55 66 8 67 72 21 118 129 28 42 50 25 20 24 24 26 31 23 24 29 
95 95 98 98 97 102 102 101 105 105 106 113 87 69 53 131 108 77 124 111 98 134 133 136 131 129 134 121 118 123 72 74 76 76 40 41 108 30 31 122 70 71 98 45 46 67 18 19 40 4 5 19 3 4 27 7 9 94 78 80 114 113 118 97 97 102 92 91 96 84 82 87 91 83 89 80 82 84 0 21 21 9 19 20 98 101 104 92 137 142 46 70 76 51 48 52 45 47 52 43 44 49 
87 86 90 84 84 87 84 84 88 77 75 78 92 79 65 147 126 80 158 139 96 160 140 98 141 142 139 136 103 107 116 55 55 123 27 28 92 18 20 170 180 182 231 231 234 161 151 153 25 11 12 2 0 0 83 62 63 224 224 225 165 164 169 133 132 137 131 129 134 133 140 145 119 140 145 41 66 69 35 50 52 14 18 19 58 39 40 63 92 94 103 134 138 83 78 83 77 78 82 73 73 77 
95 94 97 96 95 98 94 93 97 93 92 95 105 105 110 126 122 122 126 122 119 133 135 140 145 136 142 91 46 47 72 35 36 110 6 8 52 31 32 116 118 119 194 194 196 136 131 133 18 0 0 57 0 0 82 51 53 160 165 165 151 148 152 117 117 121 113 111 114 90 100 104 68 106 110 46 57 59 32 19 20 37 63 66 116 169 174 127 201 202 131 147 148 90 87 93 96 95 100 94 93 98 
149 148 153 151 150 155 152 151 157 157 156 160 159 157 162 159 158 165 162 161 166 163 169 174 164 100 102 140 91 90 112 107 108 129 26 29 66 28 30 35 40 41 89 88 89 39 22 22 23 2 4 60 10 12 70 25 27 77 82 83 135 143 144 158 156 158 149 147 149 140 134 138 127 119 123 121 118 121 110 109 112 85 86 88 64 78 81 97 112 115 110 110 114 98 97 102 101 101 105 101 100 105 
157 157 160 153 152 156 149 149 151 144 144 146 139 139 141 135 134 137 133 135 137 143 134 137 132 31 32 161 85 78 185 115 110 182 100 101 129 15 16 48 56 56 83 78 78 33 12 13 37 21 20 69 37 37 127 58 59 121 34 36 124 82 82 214 223 224 198 208 210 167 178 182 169 169 174 166 165 170 163 162 167 160 158 163 154 149 154 141 136 141 136 135 140 133 132 137 126 125 130 122 121 126 
146 146 148 134 134 136 124 124 126 113 113 115 105 105 107 103 103 105 100 100 102 128 125 127 131 96 99 119 78 75 166 88 81 176 156 151 163 62 67 97 35 36 60 66 66 21 4 5 37 22 22 52 29 28 57 51 50 95 25 13 168 70 70 223 193 195 218 167 169 192 123 125 160 160 164 158 157 162 158 157 162 155 154 159 154 153 158 153 153 157 149 148 153 144 143 148 139 138 143 135 134 139 
128 128 130 121 121 123 117 117 119 110 110 112 101 101 103 96 96 98 90 89 91 87 89 91 153 160 162 157 149 152 131 99 84 140 111 92 159 53 35 158 3 5 103 92 92 79 69 70 20 17 18 38 37 37 28 24 24 41 31 27 123 52 53 175 52 54 195 68 70 182 112 113 149 154 157 152 150 154 152 151 156 152 151 156 151 150 155 150 149 154 148 147 152 146 145 150 143 142 147 139 138 143 
137 137 139 131 130 133 122 123 124 112 111 114 100 99 102 90 89 91 81 82 84 72 72 74 76 77 79 165 170 171 162 125 112 127 51 7 135 43 15 171 147 151 242 251 251 241 235 236 112 102 103 69 66 67 70 69 69 57 55 57 49 52 54 56 64 66 50 63 65 80 91 93 144 143 145 145 146 147 147 147 149 148 147 151 146 145 150 147 145 151 145 144 149 144 143 148 142 141 146 140 139 144 
143 141 144 131 130 133 126 126 128 117 117 119 108 107 109 98 96 99 79 78 79 63 63 65 25 24 26 54 58 61 183 188 188 171 121 110 194 9 15 209 71 71 202 122 122 215 213 213 234 250 251 137 141 143 114 111 114 122 121 124 117 114 116 112 107 110 117 111 114 134 131 133 138 138 139 142 142 144 143 143 145 143 143 145 143 142 145 143 142 145 143 142 145 142 141 146 141 140 145 139 138 144 
151 151 153 141 139 142 134 132 135 129 128 130 121 119 122 112 110 113 101 99 101 69 67 68 40 38 40 10 8 9 50 55 57 164 175 178 203 170 171 212 72 73 223 14 15 210 12 13 213 44 46 201 45 48 116 113 115 122 123 125 129 128 130 134 134 136 135 136 138 137 137 138 137 137 139 139 139 141 140 140 142 140 140 141 141 141 143 141 141 143 140 140 142 138 138 142 138 138 140 139 138 141 
159 159 160 151 150 152 145 143 146 140 139 142 134 133 136 129 127 130 123 121 124 112 110 111 78 76 77 47 45 46 10 9 9 8 10 10 67 81 81 118 142 144 153 153 154 182 127 130 201 94 95 168 96 98 117 120 122 130 129 131 132 132 134 134 134 135 134 134 136 137 137 138 137 137 139 139 139 140 139 139 140 139 139 141 138 138 140 138 138 140 138 138 140 137 137 140 136 136 138 136 136 138 
160 158 159 156 153 154 153 151 153 150 148 150 148 147 150 144 143 146 140 137 141 135 133 135 124 122 123 95 93 94 65 62 63 35 31 32 9 5 5 3 0 0 10 14 15 23 37 38 38 58 60 82 94 96 129 128 130 134 135 137 135 135 137 138 138 139 137 137 139 138 138 140 137 137 140 136 136 138 137 137 139 137 137 139 137 137 138 137 137 138 137 137 139 136 136 137 137 137 138 137 137 138 
160 159 160 160 159 159 158 158 159 158 158 159 159 157 159 158 156 158 155 154 156 153 151 153 150 148 149 145 143 144 134 132 133 120 118 119 107 104 105 99 94 95 94 88 89 98 91 92 117 110 111 137 133 133 137 137 138 138 138 139 140 140 142 141 141 144 141 141 142 140 140 141 139 139 141 139 139 140 139 139 140 139 139 140 138 138 140 137 137 137 138 138 139 138 138 140 138 138 138 138 138 138 
163 163 163 164 164 164 163 163 164 164 163 164 165 164 165 164 164 165 162 162 162 160 159 161 157 156 158 153 153 153 151 151 152 148 148 149 145 145 145 146 147 147 148 148 148 149 149 149 146 147 147 143 143 143 144 144 144 144 144 144 147 147 147 147 147 147 147 147 147 146 146 146 145 145 146 144 144 145 144 144 144 143 143 143 143 143 143 142 142 142 141 141 141 142 142 143 142 142 142 142 142 142 
164 164 164 164 164 164 164 164 164 165 165 165 165 165 166 163 163 163 161 161 161 160 160 160 156 156 157 153 153 153 150 150 150 145 145 145 142 142 142 142 142 142 142 142 142 143 143 143 144 144 144 146 146 146 146 146 146 148 148 148 149 149 149 150 150 150 149 149 149 149 149 149 148 148 148 147 147 147 146 146 146 146 146 146 145 145 145 145 145 145 145 145 145 145 145 144 146 146 146 147 147 147 
163 163 163 164 164 164 164 164 164 165 165 165 165 164 164 162 162 162 161 161 161 159 159 159 156 156 156 153 153 153 151 151 151 148 148 148 144 144 144 143 143 143 145 145 145 146 146 146 146 146 146 147 147 147 149 149 149 150 150 150 152 152 152 153 153 153 152 152 152 152 152 152 151 151 151 151 151 151 150 150 150 150 150 151 149 149 149 149 149 149 150 150 150 150 150 150 151 151 151 151 151 151 
163 163 163 163 163 163 164 164 164 164 164 164 163 163 163 162 162 162 161 161 161 158 158 158 156 156 156 153 153 153 150 150 150 147 147 147 145 145 145 145 145 145 147 147 147 147 147 147 148 148 148 150 150 150 152 152 152 153 153 153 156 156 156 157 157 157 156 156 156 155 155 155 155 155 155 155 155 154 153 153 153 153 153 153 152 152 152 153 153 153 152 152 152 153 153 153 153 153 153 154 154 154 
163 163 163 162 162 162 164 164 164 164 164 164 164 164 164 161 161 161 160 160 160 158 158 158 155 155 155 152 152 152 151 151 151 148 148 148 146 146 146 146 146 146 148 148 148 149 149 149 151 151 151 152 152 152 154 154 154 155 155 155 158 158 158 159 159 159 159 159 159 158 158 158 157 157 157 156 156 157 156 156 156 156 156 156 155 155 155 155 155 155 155 155 155 156 156 156 156 156 156 157 157 157 
ich 1 0 0 44 24
111 62 76 104 53 70 105 55 63 79 34 43 114 122 77 121 148 78 150 166 100 174 178 114 200 197 134 159 150 106 150 116 113 182 162 131 139 125 100 171 134 127 180 170 119 167 171 111 140 155 103 127 145 94 142 158 110 134 153 99 115 139 79 151 170 115 124 147 88 121 146 87 126 152 92 151 167 106 163 179 113 140 166 95 120 150 81 119 147 84 120 148 87 119 147 86 119 147 83 119 147 85 120 146 85 122 146 84 123 148 85 124 142 83 211 205 195 223 156 167 208 128 131 221 148 148 217 132 135 225 159 159 
130 85 103 103 53 71 114 69 79 87 41 53 116 112 77 149 168 103 171 181 120 182 186 124 185 185 123 151 148 103 151 121 116 168 151 123 115 109 86 182 147 138 175 173 120 164 170 112 135 151 99 138 153 104 145 158 110 124 145 88 126 148 90 139 159 102 112 138 74 113 140 83 102 132 75 113 140 81 138 159 96 134 158 93 119 146 81 116 144 80 115 144 80 116 145 81 116 145 81 115 145 80 116 144 80 120 145 82 122 145 82 125 143 83 214 205 199 219 134 146 246 218 220 219 131 131 209 93 94 225 145 148 
128 80 100 110 59 74 126 84 94 114 72 88 109 88 70 158 174 111 137 154 90 140 156 92 148 162 98 135 146 92 143 120 109 164 143 120 107 104 78 175 144 133 162 165 112 160 170 116 124 141 85 150 164 110 160 171 120 149 164 106 154 170 112 149 166 106 134 157 92 118 144 84 106 134 75 114 139 84 134 157 99 127 154 89 119 146 81 116 143 80 116 144 80 116 144 80 117 144 81 117 145 82 119 146 82 122 146 83 122 145 82 129 147 87 222 213 209 221 139 151 216 151 154 219 126 132 219 120 124 210 108 116 
150 112 130 111 62 78 116 74 85 140 105 120 95 57 63 107 110 68 123 148 86 121 143 83 130 149 86 133 150 90 128 118 98 149 134 110 118 116 90 144 122 109 136 148 97 141 153 104 141 155 101 151 164 109 152 163 109 157 170 113 146 163 100 149 167 104 154 172 110 136 159 94 134 158 96 130 152 95 131 153 94 135 160 98 131 155 93 122 148 85 117 143 79 113 138 76 112 138 75 114 138 76 119 142 79 123 146 86 122 145 84 123 143 84 217 209 205 246 220 232 229 190 197 238 207 215 244 227 235 237 206 216 
153 120 144 118 77 96 108 67 82 140 110 129 133 97 116 100 65 67 108 103 74 120 133 83 129 142 82 133 148 86 125 123 86 108 95 82 95 88 73 110 100 81 134 148 90 136 149 95 134 147 91 130 142 85 134 146 91 132 149 93 124 144 85 129 150 87 130 149 86 130 151 86 134 155 91 128 149 88 124 145 84 127 146 86 130 149 89 123 146 82 119 143 77 120 142 78 126 146 83 131 151 87 139 155 93 137 152 91 138 154 92 140 153 94 227 215 212 245 225 236 238 213 220 237 211 215 230 191 196 231 196 207 
163 126 161 137 95 118 124 83 95 132 99 109 151 125 131 140 115 106 136 119 94 142 147 98 142 154 97 142 156 98 134 135 94 93 79 75 98 82 84 101 90 82 128 137 91 138 151 93 135 147 92 138 149 93 139 152 93 140 157 93 142 159 95 145 162 99 146 163 100 142 160 95 140 158 95 143 161 99 149 167 105 150 166 103 146 161 99 143 159 94 143 160 93 147 164 97 150 166 98 148 162 96 148 161 95 148 159 94 149 160 95 153 159 101 235 227 226 233 182 192 216 118 123 224 137 143 213 108 108 224 161 163 
158 142 131 154 138 113 151 139 101 148 139 97 151 149 101 153 157 98 155 161 102 149 159 98 145 157 101 146 161 104 123 124 88 100 83 86 100 86 92 110 90 101 107 106 92 147 162 103 146 158 102 152 163 107 154 166 109 157 170 106 157 170 105 161 174 110 163 176 113 161 174 114 162 176 116 163 178 116 165 180 120 164 178 120 164 176 118 169 177 117 175 183 122 175 184 120 161 173 106 160 172 107 162 174 110 164 173 111 167 175 115 165 168 117 235 228 229 237 186 192 209 89 89 225 136 137 220 122 125 236 197 197 
149 156 89 150 157 93 150 157 94 152 156 96 151 156 96 150 158 98 151 161 100 151 163 100 150 162 101 153 167 109 126 129 97 132 114 125 143 131 143 120 101 114 130 118 128 165 173 137 168 174 120 167 174 121 168 176 122 173 181 126 178 187 134 186 194 142 193 200 148 193 198 148 189 196 145 188 195 142 188 194 142 183 190 136 179 187 131 181 186 128 182 186 128 181 186 126 178 184 124 180 186 127 183 191 132 187 192 138 187 191 139 184 183 141 243 233 236 238 188 196 223 138 140 224 145 145 221 123 128 233 183 184 
171 176 116 168 173 113 166 171 112 163 168 110 163 170 112 156 165 106 154 166 106 158 170 109 161 173 114 163 174 119 168 166 148 233 220 242 192 179 201 158 138 155 185 172 196 179 176 168 188 186 142 186 188 145 189 191 145 195 198 154 201 205 161 208 210 166 205 207 162 198 201 154 194 197 150 193 196 147 189 192 144 184 187 135 186 190 135 187 192 136 187 192 136 189 195 137 190 195 137 194 198 142 196 198 148 193 195 146 189 192 144 187 186 144 243 228 231 252 231 248 248 220 234 248 219 231 237 183 191 232 180 187 
183 189 130 180 185 127 174 178 120 172 176 119 175 181 128 173 180 126 174 182 129 179 187 139 186 193 146 193 197 151 163 156 152 232 222 249 194 169 198 166 125 151 227 216 242 196 188 186 191 189 150 197 194 157 196 197 157 201 203 163 207 209 169 210 212 172 202 204 161 194 197 151 192 195 147 189 193 143 189 191 142 189 191 141 188 193 140 188 191 138 188 190 136 190 192 139 193 196 142 194 197 145 192 194 143 190 191 142 196 197 149 198 197 154 203 195 165 212 203 183 222 214 204 233 222 222 243 234 241 243 232 243 
167 174 114 169 175 118 174 178 125 181 185 134 190 193 144 196 199 153 194 199 152 193 199 152 203 205 160 154 148 123 144 132 141 234 221 250 226 213 241 213 196 220 229 215 245 199 193 190 191 191 150 192 191 153 195 195 155 198 199 155 200 201 156 202 203 160 195 197 152 193 196 148 190 193 144 185 189 139 185 187 139 186 188 139 189 191 142 190 191 142 193 191 142 193 194 144 194 198 146 196 198 148 191 192 142 189 191 141 193 194 147 195 195 151 195 193 148 192 189 143 189 186 140 187 182 134 196 184 152 199 173 176 
182 187 132 187 192 138 190 194 145 192 196 149 196 199 154 196 199 153 192 197 145 190 195 143 145 140 111 106 86 91 173 157 175 238 225 253 224 210 241 219 207 235 233 222 252 174 167 175 170 170 137 198 200 156 188 189 146 193 192 148 196 196 148 199 199 150 194 195 146 189 192 144 188 192 142 187 190 142 187 190 143 189 191 145 192 193 147 192 193 146 193 194 147 191 194 146 194 198 147 196 197 149 196 194 146 195 197 146 195 196 148 196 196 150 199 197 154 201 199 157 206 203 160 198 195 147 206 192 153 228 186 176 
195 200 149 193 197 146 187 191 140 187 190 141 189 191 145 192 195 145 197 197 148 135 128 108 107 90 92 119 98 113 216 202 227 232 220 250 231 217 247 231 218 247 235 222 252 209 198 225 122 114 114 187 188 145 194 196 148 193 195 149 199 200 151 200 200 151 196 197 150 193 195 149 192 195 146 191 194 146 188 191 145 189 190 146 189 190 146 188 191 144 192 195 147 193 196 149 193 196 149 193 196 149 195 196 148 199 197 150 201 199 152 202 201 154 204 202 159 199 197 155 180 176 136 156 160 120 170 159 126 225 181 171 
189 193 138 183 188 133 182 186 131 187 191 137 194 193 144 208 206 160 146 137 115 108 90 93 108 88 96 177 161 177 238 225 255 228 215 247 232 219 248 232 219 248 230 218 247 241 231 255 151 141 158 128 122 102 204 204 158 200 200 152 203 204 155 206 206 156 205 206 159 205 207 161 194 195 150 189 191 146 188 192 147 190 190 147 190 190 147 190 192 147 192 195 148 191 194 147 192 195 149 194 197 150 194 194 148 194 192 146 195 194 146 197 195 149 198 195 151 189 187 144 155 151 114 110 116 83 135 127 99 227 183 172 
193 197 142 195 197 144 198 198 146 198 199 150 206 204 157 190 187 149 127 114 115 113 95 105 146 129 140 239 224 247 231 218 250 233 218 250 234 220 251 234 221 252 233 220 250 241 229 255 212 200 220 106 95 98 168 163 137 209 208 161 206 205 158 211 210 163 206 206 158 201 203 156 194 196 148 191 194 145 188 191 143 187 189 144 188 189 146 191 193 148 191 193 151 192 194 153 195 199 156 197 198 152 194 193 145 194 193 146 194 192 147 195 193 147 197 195 153 203 200 160 206 202 162 193 193 154 191 183 152 227 183 173 
208 209 159 210 208 161 208 207 160 207 205 158 210 208 159 192 187 159 216 205 216 187 173 184 199 185 203 238 226 255 230 216 247 233 219 251 233 220 251 236 221 254 236 221 253 235 223 251 223 210 232 209 198 212 193 184 184 201 198 161 206 204 160 202 200 156 197 195 150 193 193 146 190 192 140 188 191 137 186 189 138 187 189 143 190 190 148 197 200 156 181 184 144 180 182 144 200 203 161 200 201 157 197 197 150 199 198 151 197 195 150 196 194 149 198 196 153 201 198 159 199 194 155 192 191 151 197 189 157 223 187 175 
214 212 164 212 209 164 213 209 164 212 209 163 206 203 154 219 216 194 252 246 254 242 236 241 224 214 232 232 219 250 233 219 250 234 220 251 234 219 252 236 221 253 235 221 252 231 219 249 223 210 234 253 248 253 243 234 242 117 101 93 112 96 78 116 98 81 118 98 82 122 103 83 122 103 83 124 105 84 122 102 84 119 99 80 120 102 84 125 109 90 129 120 97 182 181 147 211 212 170 177 177 136 199 197 153 195 195 149 190 189 143 186 185 140 188 186 140 188 186 141 185 185 141 182 183 138 177 175 134 181 172 138 
213 211 166 212 208 164 212 208 164 213 210 166 212 210 164 216 211 183 255 252 253 241 235 241 227 218 239 235 222 252 234 220 250 234 220 249 234 220 250 235 221 252 231 219 248 233 221 250 223 211 239 233 222 237 184 168 180 94 72 75 105 79 76 108 81 70 110 83 72 113 85 75 113 85 75 113 85 76 111 83 74 109 83 69 109 83 70 110 82 74 98 74 66 119 106 82 176 170 139 173 171 138 205 204 158 194 192 147 192 191 147 189 190 144 189 187 143 186 184 139 182 182 135 182 182 132 181 180 131 174 175 127 
213 209 163 212 208 162 213 209 165 215 212 170 218 216 172 210 205 167 160 149 144 201 191 203 234 224 244 235 221 248 234 219 250 233 219 249 233 219 249 233 219 251 231 218 248 233 219 249 227 214 239 169 156 158 96 71 80 105 80 81 109 83 79 109 84 75 111 86 74 116 87 75 114 86 74 113 85 73 109 82 70 110 83 71 110 83 71 111 85 74 110 84 75 102 78 67 102 81 70 135 124 103 199 195 156 201 198 155 193 192 147 194 191 148 192 189 147 185 184 138 182 181 132 183 182 132 181 181 129 179 178 127 
217 210 160 216 208 159 217 210 162 221 214 168 218 213 167 220 214 173 126 110 100 148 132 145 244 233 254 234 219 248 236 221 253 234 219 249 234 220 250 233 219 251 231 217 248 236 222 255 216 205 217 217 209 179 169 153 134 94 71 63 100 71 71 100 70 69 97 68 65 94 64 61 95 62 61 94 62 61 93 63 61 94 65 62 90 63 61 88 61 60 89 62 61 91 63 63 94 67 65 87 61 58 99 80 66 191 186 149 201 199 156 197 194 152 195 193 150 188 187 138 184 183 133 183 182 132 183 183 128 183 183 127 
219 209 154 217 208 150 216 208 152 220 213 161 220 212 164 227 220 177 184 171 145 116 95 103 217 199 221 244 227 255 234 219 248 235 221 250 233 219 249 234 220 248 236 223 250 221 210 239 201 194 187 214 209 168 219 211 175 160 144 122 93 61 60 97 61 66 101 63 67 120 81 82 126 88 84 122 83 80 114 74 72 124 82 79 126 85 79 149 107 103 143 99 94 144 101 96 126 88 83 118 82 79 127 93 84 197 181 150 202 200 156 199 197 154 192 190 146 188 187 138 186 184 134 187 184 133 187 185 129 186 184 127 
217 207 147 215 207 148 212 205 148 215 208 153 219 211 161 217 209 164 218 207 173 142 123 116 133 113 123 220 205 224 236 222 248 229 215 247 231 216 250 228 215 245 221 208 236 215 203 233 208 198 219 200 195 169 206 204 162 218 210 172 152 126 112 102 63 66 110 68 71 116 73 75 125 82 82 125 81 79 133 86 83 134 81 80 151 99 94 168 117 109 165 108 100 156 104 96 132 86 83 116 73 68 166 127 108 208 169 144 189 168 134 193 187 144 199 198 151 190 189 139 188 186 135 188 186 132 187 183 128 188 183 127 
214 203 136 214 204 142 210 202 145 211 203 145 207 197 162 215 201 209 207 194 201 151 133 140 116 95 107 139 122 141 196 185 194 208 201 193 209 200 196 208 199 199 214 205 206 218 211 209 205 200 190 208 204 168 205 203 160 207 204 162 211 205 167 202 180 162 213 183 176 137 97 98 111 68 72 108 65 69 114 69 69 122 73 73 140 89 88 151 98 94 159 104 97 148 96 91 136 91 90 125 80 77 171 131 113 202 161 136 181 137 115 165 129 105 164 150 115 191 188 141 192 191 136 185 183 130 186 183 128 187 182 127 
209 201 133 209 200 133 210 200 140 206 197 136 207 196 177 222 207 239 232 217 242 221 207 225 198 184 190 202 189 183 204 201 163 209 209 160 209 207 162 210 208 164 209 206 165 207 205 162 209 208 160 208 206 159 203 201 158 205 202 160 207 206 162 207 203 162 220 202 178 222 195 186 185 153 149 161 126 127 115 77 80 115 75 80 120 75 75 144 94 91 157 105 100 148 98 92 138 93 88 135 92 86 175 135 118 198 160 136 175 133 110 161 116 99 127 88 79 130 109 86 173 168 121 184 183 131 182 180 126 182 180 123 
fim 1 1 1
blt 1 0 25 0 20 100 20 10
rch 0 0 0 5 5 0 255 255
fim 1 1 1
pim 0
pim 1
dim 42