3 2 7 5 3 6 4 1
0 0 1 2 3 1 2 3
3 2 5 3 4 1
3 2 3 1
3 2 1|

1 2 3 4 5 6 7
      7
    6   5
   4 3 2 1



6 1 5 4 2 3 3 3
0 0 1 2 3 1 2 3
6 1

1 3 3 3 3
0 1 2 3 4

2 4 1 1 5 6
0 1 0 0 1 1
2 1 1

4 3 7 5 6 4 2
0 0 1 2 1 3 0
4 3 5 4 2
4 3 4 2
4 3 2 

root 3

curbs 5 2 4 1

bases 3 5 4 9

ans 5

root 3

curbs 5 1

bases 3 9

ans 5

when finding bases; <

5
5
5
5
5
5
4
2		printf("%d ",it->first);
		}
3
4
3

root 3
cur  
base 
ans 3

5 4 7 5 7 6 5 3 12 11 10 9 10 4 2

5 4 7 5 7 6 5 3 12 11 10 9 10 4 2
0 0 1 2 1 2 3 0  1  2  3 4  1 5 0

4 3 7 4 8 7 6 5 12 11 10 9 10 4 2
0 0 1 2 1 2 3 4  1  2  3 4  1 5 0

4 3 7 5 7 6 5 4 12 11 10 9 10 4 2
0 0 1 2 1 2 3 4  1  2  3 4  1 5 0

4 3 7 5 7 6 5 12 11 10 9 10 6 2
0 0 1 2 1 2 3  1  2  3 4  1 5 0

4 3 7 5 8 7 6 5 12 11 10 4 2 7 5 8 7 6 5 12 11 10 9 10 4 
0 0 1 2 1 2 3 4  1  2  3 5 0 1 2 1 2 3 4  1  2  3 4  1 5
4 3 5 7 6 5 11 10 4 2
4 3 6 5 10 4 2
4 3 5 4 2
4 3 4 2
4 3 2

r 3
c 2 4 1
b 3 5 5
a

4 3 7 5 8 7 6 5 6 4 2
0 0 1 2 1 2 3 4 1 5 0
4 3 5 7 6 5 4 2
4 3 6 5 4 2
4 3 5 4 2
4 3 4 2
4 3 2

4 3 7 5 7 6 5 6 4 2
0 0 1 2 1 2 3 1 4 0
4 3 5 6 5 4 2
4 3 5 4 2
4 3 4 2
4 3 2

4 3 7 5 6 3 6 4 2
0 0 1 2 1 0 1 2 0
4 3 5 3 4 2
4 3 3 2

5 4 7 5 6 5 6 4 2
0 0 1 2 1 3 1 0 0

4 3 7 5 6 5 6 4 2
0 0 1 2 1 3 1 4 0
4 3 5 5 4 2
4 3 5 4 2
4 3 4 2
4 3 2

r 1
c 1 2 2 1
b 1 2 3 4
a 

5 1 2 6 3 4 9 4 6 2
0 0 1 1 2 1 2 2 1 3
5 1 3 4 2
5 1 2
5 1
